min
temps=5600:3900
latlon=22.333300:87.333298
speed=100
method=Auto
map=177.00,100;3.00,100;-6.00,0;-174.00,0;
